7.534525082269718
4.621899729600284
7.212853084124822
4.173742394845964
4.841120606869739
4.629967043721058
2.626981467282102
6.989769338592935
3.3508398790526432
3.7423399526934777
2.264906781018669
4.81423837743032
4.204385178912268
5.565246972283716
10.68097855523959
7.549368446758132
5.100318028192165
4.786274016155694
6.161463430446962
3.0733265287098708
4.610920068694034
4.278286110266139
1.9291208956432062
3.3328796025946965
10.68097855523959
3.572606911296336
6.107973345821006
3.848463873994136
6.47243421511747
3.7382783566393116
3.1984132632730677
6.986205120442308
8.776085239391954
2.889484795263438
4.187764108273609
3.641002534294719
4.542792695730656
4.327908407261918
5.015549411747865
4.223354930054778
4.021968688631367
4.002513377834802
6.94824532072962
3.8406721309478047
5.443927857727163
3.750004010610141
4.2225887202060415
4.441198478347103
4.301701965407461
4.759936058374031
5.101349546731966
8.885530255036894
2.3617615167729356
5.00714318786613
3.200997355292427
3.9968338843752673
3.306454432078811
8.593882298291435
6.30401315541784
4.785979681805637
3.2492846329721683
2.9902906591234024
4.605271140532571
2.7195019085850562
3.7559838004623294
5.541573263434407
5.782150955639076
2.693034962386305
3.3386427053874392
4.25183545044841
4.387507951843556
3.689921861177652
5.577917462109598
3.6191082110389683
4.067871791967193
3.274016417938146
3.642811007169804
4.72451273557728
3.348814858219563
3.9051132718043324
12.605146139167752
3.25477153165556
4.894416222039877
3.413676546881711
4.918699676964863
5.084297229246175
6.094678111736054
6.651028893226879
5.58671942755165
5.100033124350732
3.282427769968226
1.3897105951850062
2.767391321944429
2.691157116122739
4.849988350097612
17.79738823809137
4.7336835447089625
4.054415941324281
4.065509086881874
4.273483426557296
