6.024451673944196
3.6797443547797624
3.63314979188809
3.550744886857686
6.3350070432510135
5.634708337530189
7.405922085251243
12.217263010537858
4.3126857740701325
3.1870971822434915
4.572244282348041
6.39783860006042
4.434405410487781
3.7757158558822637
3.664248733102186
2.6354178621943447
2.148290084585719
7.405922085251243
4.008746085364656
6.338946488285517
6.37044090514079
10.27345266977309
10.27345266977309
1.9492148568489243
6.798181727440832
7.405922085251243
3.3282485537884154
3.0476333232919424
4.872117441732542
7.405922085251243
5.424952062071941
4.687653918518625
4.502380927638264
4.333650575977253
5.5458991091356316
7.234604398301974
2.484006402407086
2.0196328625854334
6.032460596058617
4.180516130220354
5.507250325373536
3.0072449260286453
2.5758585656805773
3.6995598245811214
3.199492619519959
4.438376146695672
4.047782386758328
4.306198733607717
7.405922085251243
4.9819271846784705
4.444500364970367
6.447229643042675
2.986744085899552
1.9061558659953517
4.171950177274791
3.394819220124103
6.4164093971447125
4.475700041200963
12.217263010537858
4.992728429522663
4.383490336682253
4.179534901735768
12.101837797648063
3.489741428295094
3.5289956994319662
3.6308342858433162
5.044384599349094
3.96460707143964
12.217263010537858
3.0524536232833146
7.405922085251243
5.311896655292477
6.171913339041406
6.064552667443504
5.304558975959878
4.3548815518640005
12.217263010537858
5.9541661335337945
2.8059100714350746
4.332307923028896
2.636165430338178
2.7601941810324258
6.227988993889578
4.420898727194891
5.626623303915885
5.408940448495755
5.097605515824511
6.620157554557708
4.493412352481703
4.186656807902633
12.217263010537858
7.336669500533305
5.911971338806392
5.003367363426066
3.47251719532445
12.217263010537858
5.2953499427154025
10.27345266977309
3.6789408572979707
5.0601983632252026
