4.7146225374772905
10.070051653846548
16.596978928526543
4.204932837063281
3.172673594525543
5.550861425490722
15.0845418376975
9.953026949045524
9.003276151039465
5.055645971234056
14.865468707694498
4.825024238175273
2.7917293711444873
3.7860554335647136
7.631672058675323
4.776063321641401
15.0845418376975
5.218720801509914
6.448663725841344
8.296256185347723
3.25759976508588
9.251402821379735
5.8523244114161095
10.01370353509411
5.964052515129179
6.845304414272134
7.347392952396514
5.095088922697806
4.769076190744122
4.283031695434063
7.03722518313856
5.488336803202738
12.684537157064508
3.626179795570864
7.225097692157253
4.470362687964742
7.631672058675323
5.2969344233650215
3.8838823151194353
10.666381824528088
4.013661701409621
4.7902951896372175
4.740723970285383
7.5563074055682735
14.098172794968871
4.191201908655541
5.811361331899048
6.7166436934352065
4.710953899368388
9.412597219673485
4.3602388263260465
6.400411933382984
3.9311361168334726
7.092614216778136
5.747189247604968
7.785326782315795
5.614102328193056
7.1123221133571874
5.807454720309896
7.3293255542023275
6.852668899999506
18.243261220121482
3.080946150347308
7.651862583788531
6.852668899999506
12.684537157064508
4.603934697877491
6.472627118950514
8.76648913967718
5.426841807658113
8.776668114671367
9.700958553704538
10.070051653846548
9.26049457054886
8.75007860842226
11.461773189987014
5.946525290965673
5.779807186782901
5.73466707925475
8.76648913967718
8.709064290596825
6.345411381379533
4.805744288088153
7.721608807041041
3.4115165128501963
6.515162245899011
6.976342760335003
5.833751833076933
6.580115060890396
8.76648913967718
4.89420260411599
9.440526507144458
5.202519287581463
4.5661997871100395
7.7713617234417525
7.124781851342952
9.2397342855834
8.76648913967718
4.749384302441893
6.188841783570522
