12.81761223005119
16.052959407518053
11.634858520412633
19.166696074988675
8.675727877245615
12.06422482093211
19.49537713484495
9.978102368680092
11.241746033509418
14.554805635719699
11.791022149670066
7.391093556533581
7.43921892414964
13.974912854784657
10.79140377741383
8.642507906202386
7.317106978645254
21.488266587921853
13.840050737856469
10.154819728888276
8.344900097733985
12.383562365192457
8.36788481993558
11.634858520412633
17.418260779111474
12.423947161435319
11.631088903390635
16.40656142487203
18.20507244784643
14.955404246583972
12.563833147226523
13.93972415801373
10.880657623126465
18.069406343799656
20.148936166113984
12.894339475734974
11.858961637334273
13.005388290556443
9.004373420292426
8.514711154548264
5.508330625516622
10.915494438582462
6.751777353460566
14.630546905379218
14.425928355640115
10.914824621161143
9.46490039537517
7.911653411274838
11.738035866166971
2.641924296469562
13.176035994309082
15.339643325006785
16.446134006218614
13.166613366603604
6.829604987763889
10.006270741800387
8.20323464958463
18.36582374378179
15.35228785840788
10.128732638815928
10.925222996827191
8.994269364025754
21.488266587921853
13.025022699228257
11.634858520412633
18.35836898578512
13.298498557683056
17.130129456710392
8.4685944440094
7.695074535554895
25.824472137628927
11.634858520412633
10.745622951032509
12.974006213348929
12.851318009433397
12.648973592839562
13.139793762216794
9.076837025618774
21.488266587921853
24.87894076775465
17.30597265109229
15.88437702419627
21.488266587921853
9.71707249054403
22.386313401114993
17.709316414965766
13.364942843021229
21.488266587921853
19.172328616618632
12.686537117341754
9.73817528366784
16.385147136115645
17.477311053301435
19.784127911895926
21.488266587921853
12.490389552224826
19.900107294633873
12.364916834558198
15.814752996776399
11.142130017458657
