4.12269203939761
9.0158040226862
12.079480710648093
11.98050493175908
6.628015833461703
7.502254585513519
6.877856243284797
8.416310681249001
7.191682726191058
6.594093004591042
6.81230720684425
8.599283633440196
8.424307260196336
6.091689050478743
3.349014370953558
6.214959991108108
5.665161492193276
5.93951116138822
8.151104293861195
5.044223168758083
4.0032337547199495
9.279544544246834
7.976277258331227
7.900489277532178
10.189948652965233
5.538958503068606
6.009787400185535
6.075842288694443
6.7880730880005435
6.490682419668181
11.092976867043527
6.6666848495774955
5.632198406867128
8.96067101007892
8.7700022012305
9.684732784997614
7.778654186457289
6.611253981392456
7.74221416431808
8.079558884391767
5.0353204363089175
7.180423868062929
12.914615351747674
5.2530147159189005
5.406032113983244
8.222433973283923
7.74221416431808
8.31922657887287
5.084386530663163
7.35545558530408
5.5045393894229
6.4991994291440855
6.544798043765964
5.792398151320159
6.723683526552309
6.315102546963036
9.007089331653445
7.547804902602697
5.25251619987473
8.286573697272866
6.25258396259196
11.873522599716773
6.464967362562916
10.545247079277308
7.293106297052674
7.784594259138782
7.1876402720508565
8.732901334835558
5.920879989996924
10.21591283671566
8.534265313178654
8.395294786731366
4.200394233464026
8.802709361922956
4.599211398901018
10.808628511660013
10.107283810850468
9.000605541891543
6.788632403424714
8.510259548965307
6.698231910121332
5.168389939250565
8.85287818366567
14.126418319913904
8.114949534811602
2.4856863354114602
5.543949878173464
5.836488854968834
11.412134863748454
7.425401673476798
5.711088891981066
7.471748621569437
6.568990010008334
6.593218050994427
7.74221416431808
12.914615351747674
8.302481982650667
7.353018199387309
6.16605078109084
7.160011949795113
