11.669713701633912
15.297510392613766
11.515630978679747
10.898731373548497
12.509595297768026
15.42276066996955
13.280364179016921
16.702856656248958
11.31401594189554
22.70320986100034
20.67227645084814
13.280717776630478
18.06776738984485
12.663295575053663
8.489484985935924
4.215448933133531
9.226878689492517
17.655136860067287
16.914166077030536
11.73642463868836
13.067565881195671
19.091047786867968
19.091047786867968
18.164032978945237
11.985582468354457
18.723140178052635
14.65670219023536
19.091047786867968
12.400792144571476
10.876234396799873
11.58084148907751
8.238668095940906
15.182551486389078
14.653504586618018
11.138786927297957
16.007921290939823
22.70320986100034
10.774086939676927
17.182605084551515
12.22205134699285
12.510248948440806
9.11596521405908
8.124840392354436
18.04840180153226
11.856548950812877
15.465852683545743
12.836705324155226
16.826249594373458
13.185240711033755
13.558278965647578
17.587281772786962
14.765513621836757
22.70320986100034
11.347149979338989
7.783707822302929
6.066761753701556
12.354416320856906
9.86846553301442
8.017854590765356
9.751089313594294
22.70320986100034
13.709441260696622
16.061287949013437
18.24308129101178
22.703209861000342
19.425343241847738
10.66097381584987
11.353400501546561
9.530006340942304
8.017854590765356
9.2131686517787
7.535813103748124
11.148381376508002
7.695805662120514
27.85113596143604
11.28990393796575
5.885511851245769
16.49622524897682
9.26753387778236
13.781241182905982
15.195274832730291
14.103462047409899
8.921560422157295
13.627586540091807
11.545046511590137
11.768601096225638
12.158214774435187
19.091047786867968
8.844911350769069
15.376540674623955
10.591899075385541
12.158214774435187
22.70320986100034
14.21577698294774
15.185353580677399
16.31485913845088
10.62874181082411
10.078117814681287
10.163315427770012
14.469245539380545
