6.383431480218583
4.779082479109871
5.285985345235914
5.750520576048308
10.904957959849598
7.373436167542723
7.069456997876449
12.63810242279885
4.874223278061681
8.217299106357125
8.804740082848822
6.039580645637083
10.733219202228115
6.787542269515414
8.781351048794814
5.560162832969628
7.241450699831809
9.530737364880036
9.602881219762416
5.222390253315187
7.268354759307613
5.562699517905226
8.740806289784942
7.969944817427933
7.4114354734084955
7.91182842531363
4.189677442487899
6.746983609965251
14.752019393377635
6.27484589347028
8.740806289784942
12.059949703103035
5.955233237212792
3.6374613386637824
8.577030837875517
10.569268097328
8.795907958966575
4.468445066349621
5.105157178770847
8.740806289784942
4.5435106347377
7.740789857558964
7.725335000171942
4.676639124068085
6.083663570182798
5.203018279021015
4.6815393494932565
11.667004795019293
6.124484895961823
4.749612160061173
4.6187968492647675
7.445750415856269
5.415158491421512
8.304152637227137
3.8503994812853515
6.371290424332357
5.73515754940725
4.774449636645769
8.597831858313008
5.709887298030356
5.328779914901245
7.99712134933311
4.9443242004841155
4.508281663131218
4.504988979548291
7.165676726727615
5.229649187534959
12.63810242279885
7.673077386671925
6.090125557718208
3.799791912536124
13.606199480869346
12.63810242279885
5.783148523691214
6.585448300404417
9.60028747203166
11.630965200966365
5.428879928834163
3.8653645578840505
4.608778454637365
8.283838768060447
7.68477156411331
4.198042914395436
7.963816546678863
11.266767286064642
4.891133627156452
3.7625297657189862
4.156901373778763
4.703143508187816
6.60602951439739
3.280441071945251
5.822133201194354
6.49116547703559
8.594700781321174
6.142608182230794
6.172034746363354
15.02932132132552
5.563402239615879
11.137409300243077
9.937834529734243
