5.788249116819687
5.999768500655226
5.223101847891749
3.584191755874911
5.2504949126975395
6.734555748136057
4.995938427408763
4.995938427408763
4.887265557365439
4.215366983842683
6.891924207065685
3.986685024253222
4.985975684536648
5.42094611273875
10.004083494018351
2.235159597748842
2.9675768638202724
2.8584315822539974
4.811284507679537
5.239057561943808
3.012006210470663
3.1962224098435565
2.851975217524609
7.9695927156029995
8.485008548767135
4.578097107600305
3.325156421764666
5.430149933113164
4.995938427408763
3.4122875011055025
6.014310211911701
2.994996585037244
4.611527421951136
4.133505665158036
5.607751280456748
5.3474454736627
2.907894682347642
2.9477728412640087
3.0350622319201546
9.39005458755551
6.390745152412322
2.6252474563487698
3.8110680448515986
9.39005458755551
2.727699893898197
7.579976846989232
4.802180489257081
3.5402580908670336
2.813670556305517
3.976819021041298
4.31060413841548
4.110484237850534
3.5065304034355145
5.4771204793409645
9.162368154204984
3.2634765335676463
4.995938427408763
8.484872139320974
8.620849301974339
4.60507234401829
3.4000885538008774
7.4740972517968185
8.54387839825155
5.282905968351483
3.7309907651807994
4.7620500377858495
9.213615146571467
4.052090155081018
5.129898494291688
4.068539395855242
4.995938427408763
5.499375639482277
3.4946851294877117
11.166719725784953
2.7002138789357746
6.608681016307145
4.089431996107467
3.5895480185655275
5.168521235475512
2.8857785609671223
11.166719725784953
2.7632616932707856
5.128367059814553
2.2645898215382303
6.734555748136057
4.695849266336907
11.166719725784953
11.32212591126004
4.668661519175479
4.228167078645656
3.1422419865751245
5.384264354572081
3.668262313861859
3.7400166328045255
6.891924207065685
3.2162651130177546
2.559331849212372
4.073318757616837
2.1010609497046606
3.12563399885059
