10.48671454374828
9.386354799065979
9.393485443665435
7.964941212738225
8.297802056815565
15.431189891595308
12.092034660408007
10.607410886634538
8.228387380070398
5.2707239904432575
9.05390052333599
7.3095918209447825
7.0487482421216425
4.788027293862753
4.719263907225553
9.235791597187822
10.565215242907227
10.261182865810719
13.572392362994666
10.853408465014292
8.68849332882689
10.219552473693456
13.247629452138067
8.767894037934404
10.298012581627603
14.61417650487532
6.623629465611656
9.544356726938993
9.102170312240748
5.574465110014654
5.603981187467612
4.733428653781237
7.940088165069436
14.892031388694766
12.858665719219823
8.716292543983862
9.24919610033946
6.566537520476662
20.318145545154312
8.1873518748147
4.249403774718073
7.694383243057607
15.57218609137986
11.12722493407117
9.473066928116483
8.110285619286655
8.047327607137667
9.251935888809163
6.472057823988367
10.030833004169729
10.347632698172262
8.696289959831182
7.903929132828871
8.036335532188154
8.1873518748147
11.237868344144424
9.75445205958905
9.694299993270853
4.3985580145137915
11.698751256029906
10.762983558757641
9.59440002499268
15.794986316571013
17.46417699190766
9.626361913378377
7.324430590601526
11.477875221493841
6.4983054894573336
11.192267082990876
7.303789624405591
14.837233447560468
10.853408465014292
6.084906981621163
8.291061636593085
13.11679848543485
10.101721812574693
7.80807998421597
6.598676093194377
9.214878520039942
8.672261704319142
7.457339812010485
10.369033764074588
7.158342954351446
14.236419661814564
6.701149591902469
4.657416737988187
15.799505466697374
13.194006741556887
12.403032305278915
10.976807396195591
14.158059537507082
9.315371640292984
6.8807394192300055
14.991880840473257
5.278079482101874
4.435274948766763
11.913391629932129
16.196658724271934
13.063436740211266
14.434167132279091
