15.399016570534487
8.62375392502278
4.4681227644882595
13.117016658860067
11.32841697556767
10.617851263765882
9.479890203919156
12.75336058928982
11.759974697363411
6.095169053553489
4.603344051354329
7.281745354241926
7.380095617036073
13.874332160592823
11.274908366419483
10.237652597137886
7.404988139526609
10.421737281427149
10.237652597137886
5.24425996151663
5.446837415898986
4.627071315909481
13.914582226756165
18.312620069724414
9.337998507545242
7.985793540219552
7.625194442152082
9.698177582386847
6.963827557704585
4.761141065022276
11.951103268320873
15.399016570534487
12.987187460777932
10.237652597137886
10.237652597137886
5.137979782125506
7.606425571996674
14.478634401521333
6.302147995691326
13.648621428917021
9.520745357199146
9.586309989626265
10.237652597137886
8.583423502048634
3.5488781283172974
18.312620069724414
7.124466727864092
5.544064711662463
13.914582226756165
12.705253945960871
7.032006325116874
5.377303004007829
6.882302861303472
8.872573694257705
9.418572903784717
7.860147008539129
7.024388974778112
18.151828827779223
6.785274601653797
11.744371695663274
10.237652597137886
7.444832654251536
5.757549039039551
4.656368022692302
5.9127110390434
9.503977766135389
6.9475816081880675
6.9475816081880675
9.300114380808937
9.850124142081459
7.187509103006209
10.789314097523658
6.9475816081880675
18.312620069724414
8.263491505063946
8.86419135435918
5.822432653086592
3.2114178447749278
5.835987883096021
3.966839622030145
18.312620069724414
12.787361124947747
4.0004490848368075
10.736906587793689
5.819286143771554
4.966500221059284
13.639038268315915
11.58020483981674
10.58045700887246
5.965044573755452
7.404205808780941
4.443075446483701
8.653649649774618
5.4880757453842985
10.918009028055756
5.85113713340752
10.237652597137886
7.043971848230425
5.234351449827667
17.26834972726025
