7.687473164035677
6.058302743645816
5.714483988687867
10.45305717966298
5.541067047675134
9.567874730624649
18.611980855344036
10.275230336126704
11.890717556864944
15.650747982029563
7.308754933786883
10.637338697584795
4.01227644155594
18.611980855344036
3.4515966469418644
9.219893872225917
11.442425332821253
9.564118626706986
9.14761134843314
18.611980855344036
8.185777933504184
10.473548439120766
6.387595701901647
9.53431157611567
5.289232814387466
8.040868920011125
11.537517266631694
10.282770835832267
8.115930671183385
8.126179823477228
9.20496592834233
11.634965030578352
9.748485082903176
6.932244700712995
7.023092655507139
10.371321035983438
8.94341945973193
9.311898943757772
6.131443440521041
11.548608777030472
7.368032296698484
7.861100341158738
11.853312193678663
7.801292959905381
9.028759370000325
5.475030704468642
7.580784624065453
7.023092655507139
5.110967377804524
9.967897788668619
6.953133104358067
6.880469869652237
3.8686885651673273
8.224882967170172
14.174687293618247
7.507684963657728
10.396098842571641
4.223630128980391
6.9488015603932975
10.371321035983438
5.579052147893459
11.76611433037956
9.831877616220776
8.414719053525792
8.472372704074692
11.882583760176944
9.541515870308306
8.542963192810657
7.458399350850407
9.960897832139674
10.829176011892873
18.611980855344036
6.79350915177622
8.451840982782937
8.913468364669015
9.059258874278157
10.371321035983438
7.276392679889595
14.470831569507546
18.611980855344036
15.137566200049458
9.383062264733155
9.908639207235916
7.276392679889595
8.710054503649912
13.625721737636043
6.904017887503022
14.945236142065136
12.631904641192635
6.927363007100206
6.7053770001081965
10.626541413924496
7.846411611105002
24.234530946912628
14.87016759385834
5.83159134598365
5.016581500341544
7.150433166954235
10.606687011177325
7.796039102504815
