2.556192966995072
3.083962764933901
2.3070329088975794
7.023092655507139
1.8351125038645846
1.919413041375804
2.4281650518742377
1.844508479949443
3.9416781472900313
2.0052815464273523
2.807695668616358
2.470542093085201
4.314160504124069
1.8043191434591048
1.8658927568499688
1.8667308116345125
3.3638377430736015
2.305673907813095
2.2249132172824373
3.8020534393095
2.7436261450276382
2.181180879300609
2.612266272378107
2.115900278321188
7.023092655507139
5.316132169170109
3.6807491493017275
10.371321035983438
2.458699282577454
3.636370349539541
10.371321035983438
2.032812350254397
1.7980794226585928
2.895627967326182
2.4797886656135875
3.6673492045208875
7.023092655507139
4.32307130577689
2.158688720869428
5.316132169170109
1.5487241645336143
3.9561026253156735
7.023092655507139
7.023092655507139
2.1215325675999384
2.4985393977406805
3.043196729707713
1.9677818745232574
1.9245538832759796
2.8534535696117738
4.385464494259646
2.864921406230197
2.5106320096886736
10.371321035983438
3.1100091306191637
5.059833951183792
2.03750765756013
2.206819353555951
2.78376285889384
3.083962764933901
2.16667509679845
2.4705850185949285
1.6859306813041641
2.5457033329872574
3.2204535450745815
4.128907594922447
2.656356753448335
3.241754067387329
2.539480012442188
2.7633938016507296
4.011818620693882
4.314160504124069
4.314160504124069
2.102640222373633
5.316132169170109
1.8352528835576358
1.9091615516191889
2.3231786208948444
1.9584483874276637
2.122367323317826
3.6673492045208875
2.3994773019385867
4.543971413689596
2.3946461651075257
10.371321035983438
1.410546359408736
1.9091615516191889
1.7441261658208895
7.023092655507139
1.6843002811868755
4.681437297561931
1.9847690734861372
2.662849933975373
5.995766273093923
2.3622606366688355
3.7462931261831476
4.736563636591553
2.8603940530011225
3.2777116484236686
7.023092655507139
