3.4953201585173654
1.4739193939993946
5.304558975959878
1.5762736745354609
1.8770084035704184
4.156659601721289
1.3700395627756223
3.0415819447652837
4.179534901735768
3.4953201585173654
5.304558975959878
3.4953201585173654
1.9492148568489243
1.9551220052846405
1.3961428497288249
2.4846386970335232
7.405922085251243
7.405922085251243
1.552161467472432
7.405922085251243
5.304558975959878
1.9523508037757815
2.0181036327476907
3.2850902010827454
1.342391782992724
2.278293485752557
2.4401160082122724
4.179534901735768
5.304558975959878
4.5292054536969975
1.4983798058903752
2.7213823849748207
2.7388912067367857
3.785503666119007
1.7104076573033928
2.646242304753273
7.405922085251243
2.7213823849748207
5.304558975959878
1.8052729889893246
1.7249412218477904
3.4953201585173654
2.1718534830956164
2.3024534458703623
1.3700395627756223
3.0415819447652837
5.945041460989167
2.7213823849748207
2.3031628201149563
5.304558975959878
7.405922085251243
4.179534901735768
1.6574061399729048
5.304558975959878
1.6649282189786399
7.405922085251243
7.405922085251243
2.869692156893753
2.7213823849748207
2.7213823849748207
4.6728209323373395
2.1599988249074107
1.3982567737310054
1.491601763213534
1.5873726583489531
5.304558975959878
2.7213823849748207
3.811673661003941
7.405922085251243
1.5635444026086045
3.6334301854684887
1.3700395627756223
1.4150314309001433
7.405922085251243
2.3031628201149563
5.304558975959878
7.405922085251243
5.304558975959878
2.0023139504353074
1.4564466425188458
1.591178288437702
4.179534901735768
1.5250394983947424
1.4514932361981705
5.304558975959878
5.304558975959878
2.692068142866223
2.350472367165874
1.5584983377829722
2.3031628201149563
1.9492148568489243
3.4953201585173654
1.4441752903032359
1.9492148568489243
3.4953201585173654
1.8063870363987957
1.776803967990826
4.50549891550623
1.5887017460184325
1.4864434858756566
