1.6464543478308025
1.6949708040545457
1.6211181779066208
1.4793058639219403
2.1319929439160084
1.5623527948658902
1.5083106055524076
1.4215223384423545
2.5789588777696473
1.485818705508729
6.651028893226879
1.6397916367675671
2.5200359861391735
4.849988350097612
1.5874547927388594
1.8805993348339127
2.202268909578849
1.4904301593939633
1.818585711714324
3.8705950682725496
1.9027053441018287
1.858039485663885
4.849988350097612
1.5792041563974428
6.651028893226879
1.4046707340433815
1.703106944428653
3.268176640764631
1.5382261483169257
1.7444612959283938
1.8674583612190667
3.8705950682725496
1.4932619685063946
2.759802175299842
2.1860085642909364
4.849988350097612
6.651028893226879
1.3763240875833087
1.4336012054708307
1.733397083388146
3.4262874651632393
1.4572567656233932
1.8282181202201675
4.849988350097612
2.9948518741412107
1.61303760718096
1.3647278113116605
1.9673827965783752
3.9964719772353607
1.5469307637847836
2.1192052841640976
1.5994350372857968
1.709755500605291
1.3763240875833087
1.859977705100648
1.8878484839811156
1.482459269247263
1.4215223384423545
1.4682048922349515
2.9032687736441045
1.4215223384423545
1.7076284323030824
2.4134063565436534
2.0311086561376253
1.5340521448186484
6.651028893226879
6.471650675324258
1.8474501348998493
4.849988350097612
2.366139683365925
1.9339060897830047
2.5789588777696473
1.8883719639210115
1.4215223384423545
1.6821689028460858
1.3485494843402388
2.1860085642909364
1.969540630751937
2.53471103935822
1.8585800547604128
3.342381495101363
1.526379824990155
1.7358604078578064
2.366139683365925
1.4396199380243009
3.0850310701426285
2.085753108678651
2.5245481352501913
1.8805993348339127
3.8705950682725496
2.202268909578849
6.651028893226879
1.6227838415235634
1.4984439074397293
4.458647898964727
2.3617615167729356
1.7221615260949106
1.4385761087752629
1.6651661395616641
2.865236425075101
