2.6183562339497315
2.0619362462133415
1.7187729941335608
2.249958390411296
6.105033938849729
3.8838823151194353
1.4064615898750246
1.8936585636844703
1.8981585730638062
2.675444089552084
1.962452894978473
4.7146225374772905
2.585525585039258
1.8503088620110617
3.8838823151194353
8.76648913967718
1.5640642037544676
3.8838823151194353
5.438966910324489
3.6077782195186425
1.9208019228797648
1.8762431181341235
1.6961313756005665
2.281526967747455
1.3761026719269425
2.7625481097485562
1.4212936515331847
2.194907571585531
1.660198470631644
8.76648913967718
2.4411777198802946
1.5841752638218176
1.686568386884515
4.380308035724316
2.5737435286381585
2.113553442738465
2.6692286997076424
2.071172351392609
4.7146225374772905
2.036042346654484
5.035025826923274
1.5841752638218176
1.8387138487578882
7.03722518313856
2.17093375052245
3.340350620993176
4.7146225374772905
3.1733344692683354
2.2449493115315047
1.4490942087596796
1.6917404016487776
2.1594537122900577
3.1734692235582314
1.9878750114606247
2.964365809087994
8.76648913967718
2.83853221374024
3.999961157560159
5.531280707985167
7.631672058675323
2.5425684945660127
4.187263577267007
1.740028466829778
1.5391279878853457
3.340350620993176
2.161796600003143
3.340350620993176
2.0619362462133415
1.433370575378151
1.3761026719269425
2.938336569399313
2.33215928065055
1.9921466870521887
8.76648913967718
1.8363619260327513
2.0154953747291007
4.360159267395629
4.178506521634363
4.7146225374772905
2.540292015788602
1.7709952995334828
2.6453494928201766
1.7083083649451656
2.6468664806007123
3.607373218317799
1.6062263884855579
1.973984802817553
1.9707567874092011
1.7638063965396364
2.0146760909602355
1.7718507027165034
2.682607509357522
3.4010956719134944
2.391380374396272
2.85708722430596
2.2436309616015433
2.0619362462133415
6.105033938849729
8.76648913967718
3.8838823151194353
