1.815940813277235
1.5420653801471462
4.995938427408763
4.995938427408763
1.9109205059048109
1.7653765061341422
1.6739278613720636
6.891924207065685
2.922434042381038
1.495211613095492
1.5793221785404417
2.368069103817865
4.180533560782193
6.891924207065685
2.6252474563487698
1.641683768582574
1.9089553861795554
2.4047163727142253
2.4047163727142253
6.891924207065685
4.1928009346093695
6.891924207065685
2.203246039915725
1.9043812838105583
1.8885406793851836
1.4711877449055197
5.999768500655226
2.257862533715683
4.995938427408763
1.7236917504851466
2.705807778168127
2.3130452862709685
6.891924207065685
6.891924207065685
2.235159597748842
1.7704256104560179
3.970220592919473
1.328266949788991
2.235159597748842
1.412039470940267
2.34148489476764
1.6022771558738478
1.3795054337049364
1.7031391488025776
1.5886710249218667
1.7232096009712525
2.506804253050785
3.3416642149960176
2.0817306099417983
1.3556238157843985
3.9106658458695387
2.7678155907391013
1.5726326266480295
3.970220592919473
1.4936131350871464
2.416416920512715
2.0144462797768576
6.891924207065685
2.1010609497046606
1.5851468026017477
3.855062749320845
3.970220592919473
6.891924207065685
2.922434042381038
1.3835441213182282
5.999768500655226
1.4495036908213308
1.4884479019959238
1.8207067443407008
1.7877355940859567
1.9141943356342281
2.640889989004628
3.4265461064247393
2.922434042381038
5.999768500655226
4.995938427408763
1.69192689501557
1.6202615394894644
4.995938427408763
1.9930376240706702
4.995126508889236
3.970220592919473
1.5004003177132248
1.6477042041068788
4.995938427408763
2.813670556305517
1.9089553861795554
2.561121745389674
6.891924207065685
6.891924207065685
2.2787613053771003
2.1666397181824992
1.6005642178692825
2.922434042381038
1.8262963372133565
1.8054970576352543
2.813670556305517
3.9739308604232475
1.886956930565075
2.204058787044703
