2.8548058734451804
2.8313494237354146
2.5580927530701247
3.8070859245526933
2.354390933253216
3.7891656140597085
3.7099030259729298
4.510480713791215
3.1274933229011905
5.771091144731826
4.635543828713288
2.5184620668385445
2.318977749509086
2.1694049031439038
1.9656525486811822
3.8076757597203703
2.7752198332186477
11.634858520412633
7.7291948447725245
11.634858520412633
10.128732638815928
2.681307828556807
3.20972290483813
3.0509624788071297
7.7291948447725245
1.920137091826921
2.9058295025101044
2.711848244861961
2.262429378447359
5.771091144731826
11.634858520412633
11.634858520412633
2.6912743113321294
4.635543828713288
4.635543828713288
2.711309496973049
1.9771733673123437
5.771091144731826
2.209239768025605
2.9411580920408955
3.3776401901683606
3.051476165441438
3.3530736249309445
7.7291948447725245
2.2391470611113595
2.1530313115961155
2.888739218956566
7.7291948447725245
7.7291948447725245
2.945458856824453
2.718213331198859
5.668549484021959
4.635543828713288
2.797495384837255
2.4325201448492138
4.635543828713288
4.635543828713288
4.108957064592463
2.0531496630086368
3.4607449444594365
4.187048674423312
3.1649339544373425
5.771091144731826
2.897124753963356
11.634858520412633
3.7968129358694513
3.725341443043258
3.262518463168972
5.153446713533872
2.710531458481285
7.7291948447725245
3.4109908414436756
2.510858100938626
3.909214524409233
2.6674124915897406
4.635543828713288
2.9011388902540785
2.6232477602479736
3.3200564128795818
2.0874428848208457
11.634858520412633
2.429117826811104
3.909214524409233
2.9529678412200373
3.0509624788071297
3.0937438368536587
2.5880487094028255
1.8096523082551963
2.7801429540173874
5.771091144731826
2.039080753663515
7.7291948447725245
2.4466698676482492
4.925301667857967
3.6820529667026833
11.634858520412633
3.256789171020237
2.291150358414113
7.7291948447725245
2.9417906773831803
