3.1686826610476
7.609313839234586
1.6247948296900807
2.6790323174721444
1.6582589570877575
1.7903454048145626
7.609313839234586
2.7044143254918724
1.6020833530010534
2.0599206845530076
2.0563142667004484
6.090125557718208
2.6145620681057933
1.8907837409467347
1.6247948296900807
2.0561235963402376
8.740806289784942
7.609313839234586
4.1398437178400895
2.474761840222472
3.8767668644536153
6.090125557718208
2.3212784981917443
2.3021583400767778
1.726064651889138
3.8767668644536153
1.5138411923452983
7.609313839234586
2.323513701094691
6.090125557718207
1.9279804456957812
7.609313839234586
2.2164532843361684
1.868365115307457
1.5328887862912146
1.5920060176993862
3.8767668644536153
2.2449018245453902
1.9746307848843017
2.1106618983786287
4.9443242004841155
1.685778574020277
3.601902407540307
3.3349103552682813
1.7069235279639008
1.720249662021828
2.238356886127937
6.090125557718207
1.794402549181529
2.3021583400767778
3.3961099873097016
1.7177147872771839
1.570929016536706
5.42568505268487
1.5920060176993862
2.2022635742077386
1.5598788930627598
1.6691779781074931
1.6111050527692135
1.6598425572606417
1.832473999788809
2.382605562467725
2.428238519802283
1.9785616878385939
2.382605562467725
2.2791375366089563
8.740806289784942
1.8290089192056296
2.556129802314197
2.332384951158069
1.420680545378654
2.1896758697793692
2.024169225504912
1.98711140183409
2.441967034612661
4.227644243427113
1.8165356969668778
2.6189950619733735
1.4622610955661521
3.358035929516253
1.950584995064491
2.6790323174721444
1.97382098228714
2.6790323174721444
6.090125557718208
3.8767668644536153
1.7318636193477273
4.704752510052889
1.7636507828894876
4.704752510052889
2.049126169473345
2.6790323174721444
1.7595007155979114
7.609313839234586
1.4499407534327506
1.987779126131766
6.090125557718208
2.6790323174721444
2.3948188969956057
2.0814509999525033
