2.721608761442072
1.7927271702660323
3.199633197280258
3.641014746531952
2.173146670747098
6.9475816081880675
3.199633197280258
2.775470838838724
3.6752169013615177
3.641014746531953
5.267101722062988
3.199633197280258
10.237652597137886
5.267101722062988
10.237652597137886
3.429281950695132
6.9475816081880675
1.7491233660929526
2.026151946296152
2.1078603953971196
4.666636699086173
1.9839447585431162
10.237652597137886
1.966755898229853
4.279324721229322
3.0658320350372517
3.641014746531952
2.0686528759628384
3.0738276261419797
2.66251633278348
10.237652597137886
2.63582655123361
2.564035335674707
2.563447224631528
2.1384561555927397
4.2793247212293215
2.0686528759628384
3.199633197280258
8.218189234585147
6.9475816081880675
2.348499738816613
3.429281950695132
5.581671135015485
4.954656457568125
2.920530107898425
5.267101722062988
2.8414901334760176
10.237652597137886
2.160239963311061
2.4532400181424885
1.8342453437817847
5.267101722062988
6.9475816081880675
1.8259479860817707
1.7831518465326412
2.4322933716657977
2.287858261495402
3.3832648343763516
5.581200185546141
4.770538671757622
3.0658320350372517
1.7051936137283386
2.815795436770799
2.3210974849771278
2.274061099333793
3.4277251243166815
2.651360584876109
3.641014746531952
10.237652597137886
2.297418560553531
3.6393201736695993
4.482766772611939
1.8967576210079196
2.6206359274437614
10.237652597137886
5.267101722062988
1.887251769476704
5.22877419286429
5.267101722062988
6.9475816081880675
1.631404157382804
2.782161543359026
2.190613363103586
1.6799356196513715
1.716196827880031
10.237652597137886
3.1056498095863674
6.9475816081880675
10.237652597137886
5.267101722062988
2.5804459356237124
4.2793247212293215
4.2793247212293215
2.104198333821123
6.9475816081880675
1.908144320152947
2.173230341951941
1.9006104333058707
2.8768098566082645
2.9396563630114945
