4.527171276890836
2.117994246591814
2.0825534230579335
2.2355622660027556
1.5924298776970385
2.7824834526584485
2.7824834526584485
2.187819620714901
3.1175540319455015
3.091142286144909
1.7737772731829464
2.1012746942496148
4.368955808685152
1.911738587346926
2.208188575878662
2.2767333455100482
1.8257063894062222
5.259110193008866
2.348917735397601
2.3461754813787694
2.1142393934420376
1.6844525306988167
2.484303485442182
2.476587348073766
2.0195569736122803
1.8412398507104746
2.7824834526584485
1.6756242669255825
2.1213189556035825
2.3303861945004565
5.5045393894229
2.228991271351494
2.8758243327069812
2.998632833447791
3.927871949032771
1.4074180435870391
5.5045393894229
3.3671445937257145
1.9015057807975164
2.464368166935887
1.9036263913802103
2.4898005876879927
1.7578863656927197
1.895703312350139
1.5407613511303844
1.9460193421350587
1.85769158399116
1.979633268348057
2.331690713500177
4.814912886922301
2.317540737154597
2.5940092437315636
3.3284935163575633
2.007526298677949
1.858895339558527
2.574474629832773
2.1491242403379216
5.572732089467262
2.3734174587456036
3.187901965884815
2.480482828502217
2.2704282555771944
1.6367259320554732
1.644266053529692
2.1200483303199142
2.7824834526584485
1.7008063935410607
2.562623163020014
1.7823554836494426
1.9783741822993128
2.7040974571949112
4.029797646878062
1.9062084445589116
2.1887555843925193
2.5365599221087445
2.556932108396887
2.9838064628533525
2.021993775803311
4.314234032465326
1.712884305383832
2.3965433651570294
1.985809785480767
1.787059348107795
1.9361256745947644
1.6091312009628833
2.0804013467522466
2.9396163886190982
2.6652177908958183
3.702597123832306
3.384569034622308
5.5045393894229
1.956235056594331
2.615720418651949
1.7401473464864854
7.74221416431808
7.74221416431808
3.1175540319455015
2.658332009257755
1.8257063894062222
1.8986060918260284
