5.955346125365368
8.017854590765356
2.862885161687405
4.973213060801805
4.734614444264252
2.849210845146852
2.3830753836898104
4.764788543157014
5.955346125365368
2.248561227939423
8.017854590765356
5.955346125365368
2.761984921590985
3.3999352310543927
2.686087022565475
5.955346125365368
3.552601123457438
5.955346125365368
8.017854590765356
5.196038750827552
2.512511030379739
7.494796849481184
3.2671671767613994
5.955346125365368
3.0652682756280356
3.031488886535193
1.8950739376965489
4.483760008072392
4.764788543157015
5.487658529362399
2.3546176654008146
3.3858768383956703
2.9977777297429293
3.8230225617953857
2.223643483061729
2.144889073817466
5.866948896845583
8.017854590765356
3.567569314240297
2.134519021925841
5.4661782360868285
12.158214774435187
5.955346125365368
2.831581641197258
4.3266645751208745
2.624639805586583
3.3679258750995116
3.2987858196145656
3.042494151480571
6.158997565690071
3.140449283170098
4.162580884078989
4.764788543157015
2.683269884369822
3.3237610147322143
5.666320437005771
4.3361794770186455
3.3237550543587306
4.742573995525347
1.9612769633419374
3.2904365479720736
5.392700936689911
3.751528027799281
2.33901861860112
7.143096377148491
5.196038750827552
3.800773245840157
4.391291209153613
2.6606087724297374
5.955346125365368
3.0035433088365244
3.3750751292500945
3.982982137634116
2.7561908887996793
5.304280958447971
3.486863171166197
4.764788543157015
2.9513576449422714
3.486863171166197
2.5438239925187505
7.3328861350030605
3.486863171166197
4.6730562112796425
10.584340720559812
2.307291481858242
2.449104552132938
3.20199990452693
2.244855100823787
2.5642221446890816
4.946366582769043
3.464448452421469
4.005949318653651
2.7982344742252945
8.103653945026826
4.6730562112796425
4.764788543157015
2.6224734554261495
3.1423488651844136
5.955346125365368
3.0716830023169632
