3.1445443143117173
3.031499918461832
1.999190068721601
2.6186485021813457
2.218075071412902
2.5546328289554503
1.9715505138901652
2.829952006573273
4.438424558492573
3.5695505909236322
2.017186049614912
10.853408465014292
4.438424558492573
1.762405876443254
2.1070864451682256
3.3103317566408923
3.4101279504181914
2.0406226610738707
2.1568743429870962
1.9542201424350598
1.8644014837759728
1.7411203055681796
1.9080461948532201
3.4971820019806037
2.7052278284969673
10.853408465014292
2.831793598530076
7.294101290236321
4.083962142473783
2.0271163000628687
7.294101290236321
2.7985265245826243
7.294101290236321
10.853408465014292
3.187920494531045
2.0747173252748685
4.137361201878754
8.71248206162728
2.8429622212580843
3.761096934370707
3.761096934370707
2.5346916983847105
4.973771397544335
3.9440392979150216
5.181566649738455
2.438882227391535
4.438424558492573
5.05915422371444
4.002145540143588
3.9036539096498233
2.8130131488763332
1.827167544641135
10.853408465014292
3.3699303217305254
2.4823519101491187
2.637439274015206
3.085660367269555
2.731062918437893
3.0956844674949884
3.7224125097759124
2.019941128570361
1.8445854243328854
4.840136301887532
4.574893209601329
1.9393547726939253
3.1113193451343517
2.936397906305248
5.491488843439442
1.7307696842293985
3.294565598977278
2.2079144308122487
3.1949551629224806
10.853408465014292
2.2418415176989455
5.137602038207454
2.5830174188350847
3.8434684390323195
3.7042287468816997
2.0142225958248683
3.0968436968840574
4.347054371157811
2.8149794675880626
2.4623353237319687
2.8717885575089928
2.2700871278109487
3.276840932344621
2.220852779657863
2.1201717838555716
2.7679773662110554
3.761096934370707
2.233164956792484
4.840136301887532
4.486352915624415
2.489864987670441
2.000087790593862
2.775527419876091
7.294101290236321
1.7586610853236966
1.846559515994271
2.4669566857502807
