70.69239279859548
92.30999498134022
56.38463239489674
109.83745207202057
83.37776584864412
80.444562475577
46.694393552194256
86.22174333654169
34.892858080558504
75.15500952656792
100.19770523576025
42.74301380314855
110.86109384667392
91.53187227814652
50.70715636902618
56.69229905354441
72.31878505095338
29.636350520137853
83.71157629799471
47.97212825288019
117.63516849635826
88.00973211096101
80.0402523562981
76.7992750930064
78.4682698437595
79.08635800650916
86.21296925744608
93.26137063651126
114.09681233822734
36.09398867367751
71.54753763534804
22.99233090106954
80.13459344952646
76.30632830843946
10.68097855523959
80.83163712680638
82.5002004434984
129.8021025662021
74.39975630351286
58.68018019699805
32.60080142487932
67.39496021151862
77.97951871899028
62.86402364227466
84.26880886425334
102.22304897689251
68.93659799216545
73.74988485983889
58.49389883161193
74.81293282083695
105.57591766765759
83.93347893690888
132.69086699618222
116.69917155997342
79.9314047972922
38.12724764519355
58.2806134441634
68.90614496683312
18.168285793636816
65.53758931933716
76.42138546105751
73.19306886711026
102.79983539644644
92.09189531475984
104.41341463683257
74.88578190118608
83.73355118284003
101.73365054986672
52.169054721927566
95.92194802012348
58.34441065432959
69.82002049863088
56.86721609216629
83.18845401926902
75.84570037581658
80.87915768174497
95.89291558037502
73.83411795863144
98.98560645298137
114.82795116529573
81.87931321030737
122.91971317227147
60.16808110878457
101.68776463157072
87.79577206796004
89.89932426634299
87.35278292584987
83.08541634988156
74.64558166536624
65.66497602351173
62.51123727874466
119.42341235741037
85.08468142146202
59.762421582332145
67.26245814522873
97.75971377427207
91.70772113971945
95.81622572738172
98.40466534525342
97.14639937695094
