451.4619327280457
267.97855285676644
124.26514975988128
516.8593640288051
388.22951441076384
551.8554801587693
528.2367245885653
338.34852218457587
326.46331296381874
350.59483285777117
185.24158051448447
413.76646513966625
503.88639488689165
329.1042047531996
380.91034197453087
479.8533642138456
429.919101944907
520.2624245541325
456.939447955217
360.49964747528975
399.1680343669434
637.3293965473717
407.3341159884128
452.96253631729434
375.9415854909141
173.39793111996457
303.97564493130847
566.8506738684537
288.49930383416455
459.4756348570064
425.2158268303868
396.56606186289656
334.0648453970775
549.6148504839739
486.39479227916
340.3241966987986
334.1860341695142
488.8887425158247
384.21035884302154
501.52836768083574
340.9429069149554
452.6590131450714
454.5183268122352
274.2489607658288
404.19764471469256
326.9596351191778
406.39939224657525
462.84204446640746
181.407200598145
301.83835459857585
393.04241340477853
369.39670343406385
410.28231042342736
496.7880012703291
685.5699021571735
548.2606435477036
368.70318055005436
264.46607136149316
315.93675074329633
335.22709023509213
518.5024412451321
482.3690213970052
164.90324184761087
369.34302447593967
455.06467880982325
388.3006998249382
245.79583842534848
377.3028918093769
321.78147610430096
440.51890383884665
472.5193519767052
252.5855574626595
469.29775093583555
394.5107688199845
409.47505955156294
524.4683738261837
463.85454206810317
193.63945181108033
365.9386487992267
583.2760334977745
59.33590312680504
501.6590201339533
476.3432230610175
102.15473758543443
299.1683180295974
410.26529686517154
482.2560691294468
59.74045294845818
302.72005569189446
177.52916091387445
400.78732326414007
445.5468969041738
78.54362448642092
520.5423991492241
317.7665712747075
380.27500708494256
318.8509944430079
415.50323765585375
421.63778055303754
323.45356998359716
