277.63429819349636
170.99106334685538
326.9608888158873
306.7837012081624
418.10838470829316
261.3495714770868
257.961863802981
353.1666551988451
340.7299256553856
153.80899522040073
167.5960805090863
271.8588381190794
289.39690005843346
198.51796959283936
276.1237073038045
390.4799347623693
306.6271631952481
360.942686241035
307.49986008942676
175.81939050994706
272.53156631510427
377.8996252904695
298.0391928903868
298.6656418406388
164.3603054668463
269.2615174607758
205.95870932011312
480.0855825064745
261.9223272018674
232.4443339190549
266.14619794264377
240.35705627853548
279.3696512575294
160.4929759281374
214.4602468093261
382.23255986867446
277.62810572249623
312.0083028065332
246.6462930998371
306.8913985171255
272.4374980558816
107.05052466504296
231.89289014146618
337.99784068047177
200.69830912785443
319.60020606769245
234.2715334264576
406.97249058022203
288.804210823788
296.04959217611975
128.22900086455937
73.78329054552353
270.8090190769482
123.77182359656258
267.4578629659458
411.371008781168
308.74788193107884
227.09893989223588
210.6416362092846
253.97446471012697
181.42219011399607
99.69720466459923
307.54471333424857
291.8425394738516
413.0173130068095
223.46933147340067
342.39239894420285
303.03590635369744
202.92865280697578
352.95941921366915
350.97074017715494
228.43802116853416
332.606713679633
287.97076536302757
325.2222464415511
179.8129647245854
256.1965673307415
460.8515171323723
273.5165174286717
203.8815115460096
315.7441495972197
175.97770126255546
329.3820628774177
212.43725092928585
317.7672400859022
110.66860006944638
158.42056541421854
165.60758048261428
304.90973307738915
279.0579895660428
231.30488626957728
176.59191163025926
313.70169437761206
140.9263217348749
157.73322154891395
136.87397467700663
532.7461784232436
316.17998415299706
324.42189455208126
145.9264480015028
