75.10606459440564
157.6636128154931
171.74413956047934
164.9502270120069
81.98635190855218
207.79776140978552
129.33043881284215
199.8875807418198
170.56458455720343
96.61046836005463
172.8771178284094
197.1942935583479
71.24821161084856
186.74772496129714
65.81351613489944
149.0244543318384
161.43977073391744
140.1815561347647
127.47785503758021
177.42349567944004
191.99336315084227
124.39919748222796
145.07229333908876
167.17579859733834
170.29917126147635
160.7239640264451
199.79119327917263
140.1414037425985
160.69300991883543
130.4767269101889
188.32342730070684
177.80777232408425
192.32489327704423
208.51340254151663
52.44736837538982
165.70913083194102
153.14747361887612
154.06498632070165
192.36450944430678
144.20419864854924
137.6823359602186
203.45258123095928
198.80581751390756
112.52836420557595
135.56421267470418
169.13750220336263
170.58227766250312
131.6206795374948
128.00699553619566
125.45392225346403
138.11860235046328
113.1288237692905
122.54642245532577
220.9179261025632
122.05797236367742
88.42542855224337
115.0483754029191
210.67839175139582
140.76292690244352
195.44751430755352
226.96580288480794
179.05653015561057
128.88265557131865
78.74919037382143
88.69014772475424
42.06757903134918
148.67546547951594
268.4986164348293
153.96824761168037
159.14668419780097
144.13501318853756
50.95826460339548
186.32716898497998
193.8988042132026
155.78411847160856
202.3400015012299
180.0160628377617
174.5100363575114
172.4990565454308
203.49455740403366
192.4739573097178
144.36671419023162
168.14035920661846
193.4062626775541
59.7693667874681
184.0462388974765
168.23652283422226
201.0146891843735
171.63490033795887
88.19290047373863
111.69706560010437
21.71970750733042
42.8506220325455
159.2381079675422
129.53619547977328
182.08445987770673
133.3488459828454
131.49779331215362
51.736664967177425
180.33709410897572
