63.33022691698088
132.2341416231741
124.95974910244695
149.69995780041347
160.2244481944573
60.797026407559436
38.4265415503329
128.81095969501527
25.7633066902098
81.99961330469743
140.21783324620856
33.331485557990796
98.78497858575348
70.43860657953064
149.19650456980432
115.11158920416288
114.34649964459453
152.43113536844228
50.585125844149644
111.75848263746967
126.72247244845788
136.9647524255468
92.61026499713229
28.44343167690369
86.37098538014368
29.547213535580052
146.82721698789354
124.48993326753592
136.98372812332394
111.39929537060316
102.95996448322249
102.50956881992009
103.33912653181714
72.50045663770152
89.07732531870191
105.40462812655969
137.0880836378608
160.58702265864332
129.34833406021195
93.14076921939831
110.77240866077804
167.22041549659662
87.54977952042087
131.9928670798416
145.6773432774577
128.81819338277288
75.6135386706928
117.40161532667017
115.71213099701663
165.21842683222346
17.29986969062193
110.24960031929413
142.61364738482797
165.8484964578781
28.729234821585646
154.68686380550002
190.13598759546906
120.26183688757104
205.83294229626165
189.88794482271388
154.90029197553253
131.40733556864026
149.9311061368725
106.88629795765473
127.34531611002156
161.26018435858012
102.8540520476865
69.11240307073099
33.863350024126895
139.76819448505378
87.67769995363747
140.32118814460026
125.180693368722
34.571915296501544
26.1821796882276
46.95933133795705
167.74096601048552
140.19499745424534
131.55797425744228
89.67692396379036
97.73410728782356
126.13509182443455
151.30817269212514
119.61852155866751
91.86876762441835
101.45903544129507
168.02206809966412
135.53785442441173
128.8068175946511
77.15289961538369
108.26482454414366
140.82115414715173
61.28291530730644
53.39292183262781
209.8910745492118
113.28524647944
102.22328568646009
135.0167625199683
64.11383801296616
105.37471007692595
