61.91789422758426
39.045376361241544
24.94060783216291
88.82524971046035
110.65151755254264
23.321776187139015
54.86704893830588
74.68010973170523
157.8203936795842
89.11838912963796
28.138345929436507
96.19960535260455
101.93742370406461
111.9069776799106
49.135605373119624
28.138345929436507
74.23088687621913
65.87333390556995
100.61348937006623
78.39932801015927
51.675265926708114
81.77686427866887
61.16962242989532
73.09610464524866
59.618707572470754
109.27998732884454
74.75021153852018
82.9433133407875
47.88567160447277
68.58904234272762
68.00420955167222
78.25969482966465
130.91732100342358
28.138345929436507
82.86288559283463
83.69241103492219
86.49572175906107
86.0773978356699
89.37017448709025
75.42565831377
75.56815521669189
81.47639286347841
75.63209966825309
38.18961094635202
49.52532054743234
65.77285075518701
87.16518939611655
79.28207647215568
77.52123327599296
45.41648881628432
95.104244066511
83.54225797467073
83.16754260442362
101.8465815515674
45.3537511521438
104.63761602677374
75.7470369802199
88.9116623462735
28.138345929436507
73.24610027617051
71.68920387310037
100.71048972835109
110.22363468195988
107.67411566914139
111.02789768923031
102.92546232752723
28.138345929436507
106.36434890725114
94.75031517731703
58.78075418946717
86.33447508056489
76.06661190854165
45.0910857824948
86.59509107338275
86.05547840694724
14.963030214598406
45.38380333297509
80.80465586031322
61.39759649113238
64.31203499909343
65.66359859063495
66.98614236399533
94.97392345513033
24.643998365477213
16.07882235757461
61.767392922802514
61.85810200528547
103.84386892966951
28.138345929436507
70.02540507173946
16.07882235757461
20.846670494517618
107.0306595281477
96.5460383677351
38.63799253388826
57.87336301707383
77.13575835337492
105.15761979943238
28.138345929436507
8.587393547628038
