190.94179853202363
68.13100168447997
71.49819872554752
154.51076069037785
115.52406390216693
109.92788056740001
173.54463079839758
176.26901122092627
146.1470081495892
227.86591983388305
202.63368905780595
228.56164307235733
185.1279657574812
125.99756794612918
157.60527502297998
148.00230722975544
209.31206987869763
191.69250537092682
72.36506802434984
164.15803474452537
164.8090637220704
187.9233958915737
210.59004901656633
98.50673995886879
172.4751215438018
34.993321703990446
148.11194350710664
170.80979397402754
104.17725060906783
150.67076841294528
95.61521831689706
218.95139271252606
162.54019561887304
185.56110984775188
154.29177041710344
191.57545875542795
151.91040698627714
197.49012115094735
229.21107286836104
21.7774980812579
167.4561699436369
227.47180941067396
179.10807030164383
164.75857627195558
160.80013656752462
76.44216647397943
135.25132879430396
129.01575825491827
105.69726425135136
207.21334654704114
254.54107124207704
173.4369799750492
48.268890202433084
207.40122611303437
145.7906711719939
90.08988584616432
104.30220291295663
131.94951335696877
173.61763592348774
150.99215731529182
60.81499082110985
239.76248066047458
18.312620069724414
222.87528190545754
154.64798872338366
53.42691315416077
30.798033141068974
203.03425525040836
191.03687577818638
99.80698579012751
197.59397913552198
172.49929017768804
163.82239782414132
136.8504915626781
127.1722283670316
48.268890202433084
107.83982201761388
117.06152808285951
176.39442470123686
69.61578615367459
29.411601565669805
115.36207751915013
181.37002164560963
197.7123211206491
203.20237725567264
149.4131228805721
166.7561498084206
253.06935728789307
194.85803354882418
142.57293928218883
240.2544409452952
82.53864121893905
209.11500249069954
179.3977005825573
228.5642926392903
238.00225831244478
180.63642271765724
131.053336358727
66.52930408648615
184.8022370856427
