99.29531944595836
58.06013458437513
70.87369275253717
79.93346085401105
57.07314911484644
24.959400770459546
32.38599369101388
111.70623966479873
67.46790849582646
67.06802952948354
71.59372614580784
70.21081032601455
90.2471059088883
50.70729728976624
48.4015795863382
26.32978726678779
114.21862004326738
33.73649859721722
88.95469832755886
93.28041380006796
36.90969229555895
28.024341037696633
51.641482862379924
91.79504411575388
57.20720886362533
52.25778713068511
60.62257198842461
27.57895106502551
69.92933936113715
77.55289412649009
78.64449676086133
93.59524775379292
45.35424112475241
56.529729399161
94.6654255422511
53.13179601307624
23.022479219899825
96.84281154546994
71.50493018499319
65.24470229055935
49.650517506280224
139.09890049801854
73.7525485989983
94.67669930738144
54.93816688024946
121.7237687016687
29.392459282059118
75.16883166606164
48.323119578033605
83.80252123374267
124.93521533100005
54.31141212316193
28.046155113189045
82.53781539886235
30.14201698981195
85.68446709978646
75.80548303251648
83.56087967113567
52.85921719486479
73.21328546287728
56.11121863564739
43.0494238863107
81.46079827573098
96.0788017993815
70.97998504971741
81.52824055111759
87.91296243364373
46.793149871423275
90.04029104745625
68.70038323085636
103.62254307037999
82.13518683430986
92.2815074199191
24.959400770459546
52.475003539959545
68.27578694299923
88.52396249635281
68.29120947660844
82.71241925379442
69.44094060487387
72.6761805026826
65.02448969463875
67.8210344276361
72.73736525114127
49.729519479367525
56.575650403601095
30.22610960929488
72.05839273828163
53.567117290698675
63.181474287173614
35.99768503632568
64.50222378052837
24.959400770459546
91.86775893505317
53.64413994765298
98.15992327166013
41.34821280107797
85.27794501069319
66.96356586594574
65.31168145165078
