125.8355753977757
390.4300776653469
218.41565655026147
509.4892111751039
318.65410501581357
380.01936414247854
476.3176421173645
301.58659084492064
245.1803462152976
179.1524555326584
380.64704079035357
374.99134943109146
419.042036297118
376.7229824339017
319.88961374466294
132.44730092948117
393.93114392898093
479.287885664213
37.09227584161137
336.35427881489284
462.7869365123081
463.51625780028706
360.4164004027399
396.9047601789862
278.62212364514164
291.9745516958736
346.6133354176181
356.1925074688592
300.4608154752262
389.6744828179518
433.50324750800854
267.5683629609671
447.11715639482657
387.62345515262746
75.08572539343095
309.84233912116883
384.76095543704037
141.77265698539384
258.7102663309054
262.3485620452093
308.36217180398756
410.5840462624781
380.5017705031958
328.6786232976006
361.0115042149938
319.3891529191862
428.6951591177576
277.8269724058002
308.703931012041
403.49833162099554
201.51399135557423
428.6719047287969
93.4762762177244
257.4970495078642
376.0432678092194
457.4453231360965
463.8649899403781
391.5343530159919
404.4617809420895
242.01153015346634
374.0726531157402
348.59605152412405
663.1756411090054
180.6394059275354
348.68038649506656
80.50857269314602
349.161786359402
137.4452842474514
268.1762777089013
354.1006607558137
429.58240936328946
123.77432780613854
208.47458191092085
370.4561825771478
148.24607227435797
482.6819010924618
193.79624088536733
101.02032942340537
30.3988620685414
124.61428379070183
273.97467154575713
133.5887775648152
426.184156002401
334.36516687000983
572.6337127073747
185.3594039547005
257.2758886314435
171.64403900366105
129.40916880386604
513.533049524519
437.9992197965225
478.9207930515755
366.01622651061086
700.2866011948461
257.25436690459406
414.90667071944614
372.165216090756
320.54488416135945
505.1488396502013
149.93579994590908
