189.90492119574674
181.91023770946882
174.8305318739557
140.9406471285157
219.9325502592014
163.98091112922398
106.43058026865852
150.79320779809203
182.62178852976666
143.401328205209
163.76138403048824
209.35945951490305
101.96547874085937
124.95632557609349
131.76798766916136
129.839256766131
173.1856132005971
91.84512612325123
130.4809175680207
205.16835755232663
115.52404343597779
124.55697965352617
124.98652704458753
161.96411418427368
159.67348526928268
95.9273210398647
100.81279992630799
174.11188761574954
97.17726783664725
125.1371015173019
74.92460534333436
145.38931442505395
206.2390065523657
172.67174718438469
25.71651264272316
86.22172608723285
79.61893762815627
130.57611255410026
188.56260936781192
146.331196773566
183.7463785340468
92.20534111205893
126.65523256542309
183.65045755450865
173.53431124371951
161.5005105954209
149.1323730758577
136.8838824160304
227.7855931494776
122.58564491706363
121.68851956050308
229.0443992860592
171.88557615736198
134.95819318931817
136.72801257043375
52.62956874527877
85.15029676962936
144.48611936922316
137.32797540489676
140.1335134643076
167.12428035651004
175.76789151803416
200.98431425247537
137.517112015868
118.9751259719584
172.66577788538802
171.51712768162315
148.18930009309832
61.54840883726604
115.08462542770602
32.400775608454545
173.5151900609426
144.38185865612712
202.11806297665066
186.2843202744769
90.83687147165297
86.26488286556679
127.57114271816643
228.5165887054887
101.23296391294633
177.61914950315898
107.86741537767617
168.8939007737308
155.15209547499748
155.18707970132172
344.46549706948855
196.10500581657547
128.2693209923878
212.15830807497605
201.04980385944714
124.05990428912979
142.91718286488145
106.54910927849483
85.27972637031007
194.4358314866707
140.52739407786223
166.1808735506173
192.0541975899692
159.97477642703188
178.17891121630015
