285.53076793097415
299.2097440229184
194.10962906171736
130.04600678765922
254.11851588713208
309.82014983069377
234.86833730441705
233.6196654574806
247.2905017657274
283.1768665989927
272.8440386929065
221.71811607801297
165.19144439661952
242.5395644221497
335.5396573336586
336.41729618995726
23.466849103655235
279.1422684235347
134.38331848106208
251.33091638564417
332.2316922649503
278.1578760675705
232.89516416099033
261.18732786455865
248.3890168210654
161.83286783905646
288.92242737290303
172.7331575159585
163.74663082714372
291.4449629050291
151.4609359009647
235.7013465850627
213.41394231657762
188.9504410448287
131.92867247270885
164.6010800512549
81.70511317703306
171.12268724974547
212.2485623654039
209.29385192990844
71.13727326931028
219.68263598008184
243.28193405140001
224.5793173023394
280.7023996904593
304.5280021244442
233.80398806968924
101.44117824352078
122.75770517692291
166.5846284313403
238.29568462133258
200.82496830416528
249.8468588771605
156.5310208485053
214.27368682130628
248.5237570088676
239.90032209458988
308.3834563297001
308.2593516512201
259.5327286452273
60.467078701961064
337.9021294939008
183.51770236721052
255.56468372941262
260.21150272085464
225.551359894451
176.85002895656356
62.14413224267718
202.67233145178193
204.8355009464741
120.97281258378229
259.1487020333517
334.28130585061353
87.82670141018579
180.88492493520732
235.50688727143867
375.0520820971071
231.30363195381793
253.66183772612538
283.42578781863887
71.13727326931028
265.2077883643866
125.94593435630745
305.44592619542937
72.2037325256495
212.41316380640103
247.47751085562172
184.38505340014694
457.16209432383556
300.11814047211465
239.71210693992316
304.60612721556527
165.06369545162616
49.323830447838326
351.39623270698866
94.21952909624592
338.1756336037932
267.307847819177
253.78459915752296
118.88873596911657
